500	1910	4
0	7
1	29
2	104
3	191
4	77
5	169
6	98
8	360
9	44
10	91
11	208
12	394
13	384
14	375
15	478
16	122
17	467
18	377
19	218
20	132
21	130
22	166
23	431
24	476
25	67
26	40
27	186
28	468
30	129
31	199
32	238
33	172
34	95
35	435
36	327
37	188
38	233
39	59
41	354
42	453
43	490
45	234
46	279
47	205
48	447
49	247
50	54
51	250
52	459
53	408
55	367
56	293
57	89
58	306
60	194
61	74
62	299
63	483
64	80
65	204
66	399
68	168
69	84
70	123
71	226
72	196
73	164
75	317
76	275
78	252
79	495
81	260
82	352
83	357
85	236
86	324
87	161
88	282
90	322
92	222
93	439
94	115
96	444
97	111
99	426
100	380
101	313
102	410
103	414
105	258
106	292
107	369
108	329
109	443
110	331
112	120
113	304
114	471
116	312
117	267
118	448
119	455
121	135
124	224
125	339
126	413
127	402
128	295
131	346
133	461
134	463
136	178
137	153
138	181
139	465
140	421
141	285
142	494
143	423
144	210
145	376
146	425
147	298
148	216
149	401
150	358
151	397
152	239
154	305
155	253
156	323
157	264
158	321
159	200
160	214
162	441
163	477
165	180
167	237
170	256
171	480
173	330
174	314
175	365
176	378
177	387
179	428
182	284
183	390
184	335
185	320
187	424
189	418
190	277
192	231
193	499
195	269
197	409
198	391
201	353
202	280
203	386
206	403
207	487
209	385
211	479
212	257
213	230
215	472
217	347
219	473
220	262
221	438
223	301
225	342
227	489
228	363
229	246
232	288
235	416
240	451
241	437
242	370
243	470
244	359
245	274
248	481
249	336
251	491
254	457
255	462
259	325
261	432
263	337
265	302
266	361
268	417
270	383
271	374
272	488
273	405
276	373
278	372
281	349
283	434
286	452
287	294
289	420
290	297
291	388
296	406
300	422
303	315
307	366
308	332
309	427
310	446
311	393
316	396
318	356
319	492
326	497
328	419
333	475
334	429
338	379
340	389
341	348
343	345
344	371
350	474
351	411
355	460
362	412
364	442
368	415
381	454
382	458
392	486
395	493
398	456
400	450
404	433
407	498
430	449
436	445
440	464
466	482
469	496
484	485
416	473
71	130
253	430
160	249
358	387
14	35
105	473
181	266
195	370
190	407
249	291
255	472
18	422
269	363
46	469
23	386
119	314
89	354
21	233
159	327
322	488
96	360
272	469
295	414
51	360
174	335
131	192
93	245
66	351
160	218
24	344
376	384
207	499
41	173
232	444
489	498
297	433
223	231
261	370
177	219
198	239
62	252
219	357
11	257
340	413
232	429
154	243
225	431
35	74
4	149
216	485
118	262
249	438
6	125
358	478
112	476
119	482
102	434
55	317
37	421
29	232
85	179
78	251
91	309
34	347
310	402
303	431
78	364
35	288
132	187
340	385
139	367
213	294
105	461
269	478
207	370
102	338
243	425
127	472
85	343
17	411
177	352
138	467
150	369
100	200
104	351
263	393
192	371
20	248
158	335
265	397
101	455
419	431
257	345
87	392
333	428
73	207
108	248
13	107
392	404
142	237
112	353
239	376
21	352
27	366
191	244
237	259
309	400
386	396
123	395
448	452
233	400
100	292
139	396
279	367
26	117
227	302
4	53
126	350
85	91
416	418
196	289
418	462
246	310
176	468
281	347
63	396
460	480
195	289
69	133
324	420
42	123
181	344
70	420
36	298
120	210
161	322
371	483
256	384
37	177
288	316
138	272
25	261
85	165
294	351
221	267
48	356
21	128
248	291
8	441
118	339
460	498
103	117
177	483
348	439
197	318
64	242
80	472
254	389
189	397
268	326
68	133
283	389
4	385
132	255
230	420
164	333
217	278
184	227
34	439
156	162
262	388
132	363
154	429
275	398
115	251
249	453
13	122
322	453
11	132
147	379
5	287
47	424
5	291
375	489
12	38
58	209
157	260
319	374
191	283
11	201
291	407
304	427
218	395
304	465
204	415
139	344
222	454
217	248
230	356
92	458
70	252
48	260
142	300
84	338
9	152
136	461
50	174
247	277
147	223
138	332
346	437
357	405
121	317
153	240
134	152
395	449
92	402
352	384
282	287
390	430
310	358
317	333
91	219
185	329
333	378
307	444
292	293
260	459
186	244
87	199
488	489
191	408
98	359
373	382
81	242
28	338
39	91
29	236
11	130
194	229
69	131
67	427
400	477
377	421
70	265
242	486
213	360
189	324
209	343
219	398
262	467
284	450
120	432
176	264
327	457
77	95
427	461
90	252
98	243
88	487
13	61
151	237
273	437
62	374
4	32
96	446
16	45
19	200
276	357
271	458
273	379
194	340
93	226
72	483
166	445
65	206
56	91
24	216
170	205
194	345
305	310
347	404
136	395
300	487
34	370
4	268
153	400
4	448
255	372
309	316
107	202
188	242
252	449
270	371
307	326
247	461
88	176
5	95
103	492
200	227
65	391
329	436
45	223
243	356
195	247
146	357
155	334
22	78
172	226
369	461
27	131
42	472
75	152
315	479
152	412
84	480
368	426
205	363
54	212
127	215
298	474
218	351
430	448
167	235
280	443
220	458
190	484
139	393
96	111
375	469
455	484
97	235
77	136
315	382
132	386
108	446
92	344
51	117
55	73
133	272
171	197
67	222
291	345
153	234
44	192
49	92
175	476
216	405
265	285
43	208
110	311
384	470
42	269
126	464
116	163
281	402
38	132
122	214
52	455
137	146
166	251
112	118
255	473
94	364
161	440
107	367
85	203
330	364
124	374
167	405
301	462
105	139
88	323
33	165
147	277
362	384
140	230
22	56
304	473
150	486
71	444
232	311
232	409
456	488
66	426
155	458
306	430
0	407
76	107
257	454
124	475
30	316
47	151
239	458
248	452
62	342
338	479
157	207
147	494
88	268
339	388
295	338
46	80
75	356
37	84
209	359
289	482
68	290
87	376
3	350
86	241
179	394
165	389
171	402
119	131
42	377
167	498
241	375
201	419
136	411
174	436
86	90
156	413
229	434
364	407
134	369
139	188
103	107
89	115
80	150
257	390
200	313
131	374
0	19
189	240
75	434
220	254
111	469
397	464
13	155
411	481
471	498
253	471
71	124
326	480
33	163
71	206
47	396
283	403
17	461
351	366
256	361
176	239
22	445
189	247
25	122
112	469
242	308
122	316
294	491
80	495
182	414
13	224
3	471
3	226
142	234
147	384
59	418
67	245
99	147
252	464
208	395
37	127
34	407
203	448
54	131
119	355
30	338
165	334
68	490
23	53
58	260
126	488
290	342
258	407
202	328
143	427
115	287
112	231
47	379
215	414
48	184
218	396
96	172
348	398
332	391
56	358
275	433
35	349
136	350
124	131
94	374
81	411
200	439
20	79
187	486
218	409
263	376
284	433
279	306
60	296
63	354
223	365
67	470
94	408
45	135
456	460
261	317
174	452
74	329
298	396
47	195
65	477
151	225
72	316
159	243
44	372
111	227
240	381
82	269
39	466
391	480
137	451
62	481
321	479
4	223
38	109
217	342
76	207
264	305
139	431
200	337
66	270
124	486
50	455
46	138
105	141
235	275
182	431
92	451
250	252
18	181
253	418
8	40
111	257
57	181
135	456
76	242
31	73
349	392
136	184
242	467
163	399
344	423
49	379
146	245
282	417
370	465
20	432
8	485
269	469
201	255
22	262
31	212
410	434
22	429
80	408
220	305
69	254
156	297
459	481
259	362
376	454
169	403
118	148
332	363
159	160
40	180
95	488
159	197
244	417
244	246
110	425
8	247
330	354
191	443
38	89
299	328
274	459
120	268
350	353
243	333
182	218
3	239
88	250
142	374
261	321
97	142
269	312
143	224
189	360
266	381
59	98
53	173
116	193
61	190
233	405
25	76
204	331
53	254
268	445
286	405
90	356
104	162
201	383
178	413
261	454
63	220
232	368
202	224
126	242
19	45
380	440
26	409
144	251
171	245
67	378
44	407
86	299
37	254
383	478
90	244
188	350
287	419
0	391
226	316
18	460
190	227
25	134
131	248
118	306
132	448
183	374
218	236
85	384
178	193
100	398
103	360
272	327
138	486
207	371
44	418
95	457
172	356
105	153
215	441
84	366
197	445
10	496
38	101
209	250
47	190
26	298
275	428
426	495
61	104
62	497
15	377
106	284
307	468
339	404
357	472
165	493
108	268
49	234
184	229
196	278
58	382
55	154
66	100
99	150
100	145
337	353
91	282
21	401
159	404
20	242
301	465
235	281
57	222
357	384
331	443
286	317
180	308
89	288
42	52
234	424
106	373
81	359
334	338
119	484
240	481
127	221
76	439
44	427
378	428
300	318
16	393
71	122
146	455
28	339
165	212
134	439
200	369
139	254
114	133
238	381
92	459
177	347
269	422
389	490
54	142
131	234
19	162
28	73
231	379
233	237
268	317
204	433
44	405
54	141
60	246
0	422
22	424
273	329
331	473
85	135
186	439
290	406
85	330
358	411
57	203
125	296
104	237
165	457
223	490
169	188
39	268
289	295
5	88
15	96
162	426
108	328
57	317
263	464
450	477
345	367
19	393
307	340
267	418
187	335
124	151
147	264
164	201
284	478
278	320
77	333
362	363
314	327
203	362
426	458
299	394
49	86
338	474
112	186
94	342
273	369
56	424
120	226
295	426
262	431
384	404
49	299
52	253
134	165
4	438
395	481
149	245
167	175
172	174
60	361
362	365
163	240
123	442
199	482
136	459
237	296
350	493
145	312
32	281
124	406
113	498
25	232
90	114
216	347
189	362
94	499
76	199
220	382
300	476
299	342
336	351
6	296
4	403
283	293
210	256
3	153
29	409
216	345
330	466
114	174
370	421
144	444
134	484
118	146
338	424
226	444
317	432
136	421
51	172
220	353
31	459
222	336
271	486
192	259
93	161
177	292
81	338
126	263
429	468
476	481
175	461
403	420
310	343
66	263
84	321
170	322
317	357
193	444
384	495
350	499
71	479
414	447
267	285
308	453
130	390
300	378
44	351
80	292
230	448
30	482
387	484
84	271
88	226
197	462
174	434
102	238
208	355
367	429
164	290
331	368
203	480
10	108
338	468
152	295
55	398
300	419
377	394
65	497
294	387
94	141
194	312
422	465
102	377
59	286
416	460
125	213
314	499
198	306
6	29
160	316
17	423
120	399
112	158
244	486
50	288
113	124
282	339
232	476
151	170
422	487
53	99
126	479
25	36
293	376
132	251
47	197
152	296
202	402
140	204
181	349
3	428
164	234
15	226
197	487
138	205
291	410
294	471
272	304
96	450
60	237
152	177
47	354
359	477
410	445
103	433
28	370
205	362
82	221
36	409
317	425
389	407
156	343
310	395
98	429
457	460
9	454
143	229
196	205
76	401
279	471
172	194
136	158
23	189
384	422
53	117
475	490
284	401
42	396
73	202
65	344
59	250
78	387
153	495
44	386
328	451
141	209
116	439
71	458
139	242
316	324
82	381
16	415
215	278
253	300
33	364
18	494
194	456
134	187
303	434
108	462
113	458
236	379
22	131
450	491
256	321
362	391
12	189
94	100
229	299
336	390
21	471
213	426
220	430
314	435
266	483
62	473
45	351
28	365
68	135
373	495
443	487
302	387
88	363
181	311
56	143
115	409
230	435
278	439
185	301
313	423
6	421
195	392
243	391
35	45
133	162
63	157
335	452
2	166
194	343
327	488
249	340
319	391
423	431
182	486
10	274
3	46
367	374
161	311
297	403
114	140
93	176
167	443
127	384
207	344
93	203
271	443
24	426
51	115
34	289
230	277
294	296
227	295
164	219
219	382
58	232
68	119
219	290
50	285
26	37
140	256
143	210
69	101
64	109
49	316
183	269
111	230
6	319
80	388
4	404
161	482
31	358
346	364
320	331
124	203
75	267
339	401
25	436
192	219
42	71
56	399
57	234
123	265
38	61
173	442
82	210
114	280
33	390
26	319
144	486
417	488
395	472
409	462
211	350
157	184
472	487
318	351
12	15
417	427
209	290
430	490
105	381
313	336
291	429
287	458
256	332
10	468
11	100
69	383
84	213
213	268
51	232
14	422
345	419
78	242
32	187
10	288
277	347
156	490
20	215
245	275
112	419
219	312
288	464
268	479
269	470
112	320
360	423
400	425
16	147
217	258
390	441
364	400
51	247
229	295
181	307
310	353
30	161
6	25
146	291
371	481
37	409
443	486
237	386
25	410
99	479
57	496
168	272
23	191
217	466
201	261
67	472
262	304
387	430
110	359
74	153
36	42
59	181
58	182
47	445
5	77
193	214
385	390
65	296
84	291
17	295
30	363
134	202
63	158
254	310
476	479
481	493
243	253
274	396
71	423
306	428
66	97
132	190
413	489
158	413
145	157
169	223
312	445
198	427
3	445
316	401
219	252
318	495
76	98
36	78
4	10
85	161
21	436
17	394
169	244
155	281
115	236
13	94
74	445
118	142
182	453
56	79
18	396
140	307
420	490
142	240
394	453
279	366
390	445
314	487
330	417
129	294
195	483
122	160
350	411
345	408
239	323
98	228
231	398
22	449
66	419
205	253
165	472
50	69
451	478
192	316
61	395
292	322
206	439
124	288
121	407
57	92
355	417
99	224
119	451
294	426
29	69
79	398
251	272
149	382
299	351
11	30
228	447
273	288
65	183
228	298
161	303
168	183
137	414
62	452
158	312
202	330
33	367
26	53
158	361
69	264
308	404
160	347
24	250
257	271
44	368
285	346
279	382
71	452
38	352
64	158
27	214
271	333
0	240
32	213
94	265
176	481
261	461
418	488
71	472
148	373
100	354
52	481
80	398
104	140
103	140
288	423
293	362
278	356
39	64
110	279
93	364
357	498
241	478
422	497
69	452
225	322
5	60
410	485
225	451
253	419
24	342
7	131
109	299
10	408
327	338
250	388
53	177
315	326
208	396
223	442
349	448
92	347
146	333
60	68
196	437
2	12
179	488
277	343
233	295
342	460
78	119
116	416
43	421
178	417
174	455
210	403
130	481
172	367
68	80
139	159
19	238
109	245
159	355
12	263
209	226
108	187
116	140
250	386
103	141
363	399
297	467
427	437
314	455
91	360
133	217
30	109
300	430
27	428
28	321
282	372
190	437
178	461
98	125
161	280
302	420
144	476
57	310
151	300
141	311
341	480
183	298
73	138
42	415
16	246
117	419
66	126
49	113
291	340
132	231
295	478
93	266
72	320
289	322
112	146
259	364
80	97
161	355
302	329
283	443
205	389
78	213
267	340
72	451
148	418
76	406
132	142
264	363
23	95
324	406
58	297
462	481
30	281
307	312
8	202
4	117
170	479
82	434
179	426
164	310
244	389
19	75
452	475
138	269
379	408
96	494
15	143
62	222
172	439
110	191
124	243
356	381
256	286
184	465
166	212
1	172
260	469
61	449
237	260
229	334
220	483
315	498
93	210
230	233
35	302
154	277
12	213
49	184
61	487
125	224
156	466
252	371
202	381
104	265
92	161
295	477
250	337
42	297
134	280
94	247
137	472
5	422
485	494
342	482
319	410
28	475
101	287
61	413
128	251
142	407
33	170
8	452
321	407
79	334
33	420
14	266
355	468
15	204
35	123
304	467
92	102
23	106
163	218
140	203
198	278
201	347
31	486
278	483
235	348
161	464
76	110
256	358
325	406
110	148
196	441
10	149
199	375
86	305
290	466
170	321
172	360
458	468
377	396
88	138
50	348
308	360
225	369
201	425
69	455
403	490
443	495
347	381
85	273
328	379
177	261
15	402
325	343
168	237
290	377
342	465
285	332
161	279
14	355
27	468
460	477
210	427
46	269
29	447
274	408
15	243
4	336
275	394
30	408
87	370
64	109
8	247
110	359
44	368
14	266
92	102
299	351
105	141
375	469
201	383
289	322
28	468
261	454
200	227
177	483
62	374
385	390
419	431
164	219
98	125
291	340
168	183
271	486
270	371
19	393
167	235
373	382
175	461
127	215
84	321
25	436
5	287
142	234
362	384
213	360
3	471
132	187
275	398
189	240
156	490
283	443
172	226
264	363
48	447
38	89
76	207
116	312
50	54
241	478
282	372
230	420
37	188
181	344
4	438
17	411
61	395
220	305
57	203
206	403
88	250
273	288
163	477
345	408
139	367
274	396
10	149
171	402
317	432
66	426
417	488
26	298
106	292
197	409
194	229
49	184
42	52
95	457
231	379
0	422
137	414
90	244
123	442
58	297
314	499
65	497
94	115
133	162
341	480
124	243
170	479
117	267
178	413
13	155
136	158
153	400
165	389
239	323
160	218
337	353
308	332
112	120
93	176
161	280
144	444
202	224
104	140
2	12
448	452
152	295
74	329
350	493
130	481
319	391
242	370
146	425
30	129
290	342
410	445
16	147
70	252
356	381
113	458
119	131
87	199
255	462
355	460
31	212
59	286
41	173
300	476
249	453
40	180
210	256
195	392
108	268
80	388
246	310
78	251
232	429
11	100
15	204
209	343
27	186
43	421
67	222
151	225
450	491
56	91
21	233
358	387
217	258
126	263
23	191
36	327
294	296
357	498
190	484
82	352
134	369
315	326
