120	470	4
0	111
1	74
2	82
3	38
4	86
5	49
6	77
7	30
8	48
9	119
10	97
11	62
12	106
13	100
14	63
15	69
16	73
17	42
18	23
19	59
20	33
21	29
22	78
24	60
25	44
26	43
27	118
28	41
31	67
32	99
34	79
35	92
36	117
37	98
39	91
40	56
45	110
46	107
47	80
50	95
51	96
52	90
53	114
54	68
55	108
57	58
61	70
64	84
65	102
66	89
71	94
72	83
75	104
76	87
81	109
85	105
88	115
93	113
101	103
112	116
14	87
1	75
9	78
25	96
60	81
41	109
35	90
59	97
66	98
24	66
33	48
1	71
70	95
70	103
24	93
42	87
7	41
79	99
26	65
52	100
55	90
17	118
106	115
41	61
35	88
18	58
22	76
107	108
18	114
5	53
60	115
49	98
13	62
5	107
32	116
76	105
31	114
33	84
43	62
19	76
53	81
29	102
78	99
29	103
25	95
40	99
17	86
18	73
3	92
3	17
68	110
0	14
36	71
26	63
53	63
93	111
94	106
18	117
84	99
49	100
42	72
90	91
68	105
63	116
100	105
39	75
82	109
24	41
24	38
66	106
73	103
97	106
17	31
78	118
97	103
26	61
34	117
91	101
45	94
20	70
74	91
38	95
37	109
29	98
52	53
1	20
6	82
5	58
23	61
37	38
10	58
15	83
43	98
63	91
53	74
19	82
50	52
26	75
75	83
25	113
40	81
55	112
47	64
53	89
50	100
35	74
14	98
95	102
7	74
19	100
8	73
21	86
38	112
52	66
25	102
55	115
88	89
0	57
22	67
67	88
5	115
45	118
4	43
44	86
12	116
20	119
87	89
23	113
42	108
75	111
88	92
2	46
11	13
87	111
99	104
64	69
15	110
72	89
14	29
2	6
68	91
73	75
44	65
101	115
2	43
28	112
14	15
18	96
33	116
92	111
41	91
63	103
7	78
8	24
2	93
9	49
65	107
64	65
15	85
32	56
18	102
59	99
52	76
111	112
12	13
9	90
20	59
13	36
46	56
13	108
7	50
57	115
12	67
86	118
89	113
78	101
32	60
56	109
1	78
16	60
76	119
81	111
27	50
77	109
83	106
23	45
22	117
41	110
4	36
24	70
34	47
10	113
4	103
3	73
16	27
7	112
31	105
48	55
30	109
36	102
8	40
46	74
36	112
15	28
26	104
27	63
25	76
2	67
69	95
98	112
32	42
95	109
3	96
33	42
16	21
28	49
46	66
69	80
42	59
86	112
50	92
5	11
36	41
41	98
48	99
57	69
63	117
8	116
27	61
39	50
55	117
18	51
40	89
22	83
36	92
79	93
75	106
22	110
58	109
78	117
30	107
31	88
4	66
84	89
7	79
62	93
38	108
105	110
29	52
36	39
32	105
4	51
11	22
66	108
20	112
10	38
23	53
38	48
101	118
24	78
29	66
91	114
45	61
56	80
79	104
9	118
9	61
41	49
5	12
29	33
59	102
86	117
24	117
49	64
79	113
78	112
35	87
40	111
15	76
84	109
31	91
14	51
5	105
95	112
5	69
54	60
6	12
25	34
50	110
90	95
15	39
68	76
18	63
105	111
15	66
70	96
47	68
38	70
41	113
62	115
61	93
1	97
26	105
6	38
32	85
0	5
96	111
24	32
21	35
60	63
78	100
21	99
20	85
48	80
40	79
30	82
51	74
59	68
17	93
15	36
39	80
7	46
17	64
33	108
54	115
92	104
64	97
81	91
56	61
85	103
10	22
21	102
57	59
28	34
66	72
34	67
15	56
43	55
15	43
55	67
35	86
4	18
31	45
23	51
90	103
88	94
5	98
17	111
16	89
37	75
24	81
51	59
93	97
27	29
22	44
47	83
20	92
20	74
42	116
2	39
57	59
44	86
85	105
33	42
46	107
8	40
1	20
17	93
24	60
14	98
6	77
21	99
37	109
38	112
54	68
94	106
78	101
66	89
47	83
55	108
31	91
9	61
15	69
28	41
27	118
18	63
10	58
22	76
35	74
70	96
36	39
50	95
88	92
30	82
64	84
29	103
2	67
5	53
23	45
13	100
65	102
3	73
75	111
12	116
79	113
48	80
62	115
34	117
32	56
26	43
